INDICATIVO			ANO			MES			ALTITUD			C_X			C_Y			LONGITUD			LATITUD			PMES77
5060X			2023			9			1190			567903			4190655			0213412			375139			280
6367B			2023			9			300			593512			4138723			0156372			3723				26			356
7002Y			2023			9			26			625041			4142095			0135132			372502			196
7007Y			2023			9			66			656224			4161583			0113502			373517			296
7012C			2023			9			17			677630			4163463			0059162			373604			181
7012D			2023			9			56			674483			4163767			0101242			373616			310
7017E			2023			9			70			697960			4164942			0045262			373637			348
7019X			2023			9			2			701570			4167867			0042562			373809			370
7020C			2023			9			205			664788			4186108			0107412			374827			223
7023X			2023			9			140			661516			4177040			0110022			374335			338
7026E			2023			9			50			676313			4173355			0100012			374126			222
7026X			2023			9			50			679088			4178790			0058032			374420			214
7031			2023			9			4			693425			4184666			0048122			374720			303
7031X			2023			9			4			693232			4183489			0048212			374642			286
7032			2023			9			19			694138			4189639			0047382			375001			127
7037B			2023			9			15			699962			4200676			0043292			375554			356
7038C			2023			9			9			703003			4206087			0041192			375847			301
7038D			2023			9			3			702313			4208321			0041452			380000			304
7042			2023			9			10			705535			4211209			0039302			380131			289
7080X			2023			9			955			588668			4236074			0159112			381606			1012
7096B			2023			9			605			613027			4266745			0142112			383231			295
7103Y			2023			9			615			614141			4271879			0141222			383517			358
7114C			2023			9			710			597290			4226145			0153212			381041			647
7116			2023			9			390			614784			4236640			0141162			381614			292
7118C			2023			9			881			587644			4213520			0200032			380355			277
7118D			2023			9			739			598026			4211512			0152582			380246			443
7119B			2023			9			643			598441			4217783			0152382			380609			372
7120C			2023			9			563			605682			4217064			0147412			380543			616
7121A			2023			9			350			613580			4232593			0142082			381403			426
7127X			2023			9			640			614477			4212074			0141432			380257			388
7129			2023			9			312			622719			4231114			0135532			381311			471
7138B			2023			9			485			645247			4258045			0120072			382732			232
7156			2023			9			480			641612			4223128			0123022			380842			496
7158X			2023			9			150			648489			4221379			0118212			380741			396
7164I			2023			9			100			652960			4216675			0115212			380506			697
7168			2023			9			395			632540			4213541			0129212			380336			322
7170C			2023			9			350			629432			4205105			0131342			375904			569
7172X			2023			9			255			636087			4211543			0126572			380229			328
7175			2023			9			150			644788			4211592			0121002			380226			842
7178I			2023			9			62			660598			4207610			0110152			380007			590
7182			2023			9			57			664258			4206348			0107462			375924			414
7182D			2023			9			45			663963			4205303			0107592			375850			340
7194			2023			9			1190			573447			4174234			0210002			374245			598
7195X			2023			9			985			582760			4198035			0203302			375534			350
7203A			2023			9			646			599446			4189189			0152112			375041			320
7209			2023			9			312			615799			4168318			0141142			373917			207
7211B			2023			9			445			606219			4158572			0147502			373405			278
7215A			2023			9			1579			625325			4191199			0134312			375135			501
7218Y			2023			9			281			631005			4180075			0130462			374531			332
7219			2023			9			760			630390			4190908			0131042			375123			724
7220			2023			9			705			633302			4193729			0129032			375253			747
7227X			2023			9			157			646486			4191774			0120052			375142			248
7228			2023			9			75			655618			4202611			0113432			375728			421
7232			2023			9			36			671099			4214137			0102592			380332			660
7233A			2023			9			33			669848			4209793			0103542			380112			565
7237E			2023			9			170			661370			4222828			0109312			380820			392
7244			2023			9			26			677074			4215260			0058532			380404			468
7244X			2023			9			26			677074			4215260			0058532			380404			460
7245A			2023			9			22			680066			4216682			0056492			380448			572
7247			2023			9			575			671237			4252574			0102202			382418			272
7247X			2023			9			575			671322			4251990			0102172			382359			231
7250C			2023			9			174			672171			4229217			0102022			381140			352
7253			2023			9			22			683394			4220458			0054292			380648			448
7255A			2023			9			280			689543			4236760			0050012			381532			350
7256			2023			9			18			685879			4221532			0052462			380721			375
7256B			2023			9			13			688580			4219589			0050572			380616			454
7256F			2023			9			17			685100			4223642			0053162			380830			317
7258A			2023			9			110			692009			4235338			0048212			381444			283
7259			2023			9			8			692356			4225816			0048162			380935			233
7259A			2023			9			4			693598			4228899			0047222			381114			250
7261B			2023			9			9			693559			4220292			0047322			380635			459
7261X			2023			9			31			700365			4218051			0042552			380517			506
7262			2023			9			26			705708			4217907			0039162			380508			383
7275			2023			9			605			665085			4276585			0106132			383721			212
7275C			2023			9			640			660249			4274181			0109352			383606			226
8003A			2023			9			661			694493			4285275			0045492			384141			384
8004			2023			9			628			693798			4279058			0046242			383820			323
8005C			2023			9			670			692803			4294180			0046502			384631			758
8005D			2023			9			622			691463			4294672			0047452			384648			449
8005X			2023			9			622			691463			4294672			0047452			384648			432
8006I			2023			9			533			681084			4284959			0055042			384141			483
8007E			2023			9			520			685853			4278437			0051532			383806			176
8008A			2023			9			486			685931			4271992			0051562			383437			307
8008Y			2023			9			486			685931			4271992			0051562			383437			254
8009F			2023			9			369			689460			4256838			0049452			382623			422
8010A			2023			9			526			695364			4261452			0045372			382848			688
8011A			2023			9			410			692687			4261881			0047272			382904			631
8013			2023			9			245			695094			4250618			0045592			382257			469
8013B			2023			9			230			695835			4251099			0045282			382312			408
8013X			2023			9			230			695835			4251099			0045282			382312			452
8014O			2023			9			578			678903			4252679			0057042			382416			254
8015A			2023			9			367			687396			4242324			0051242			381834			285
8017			2023			9			258			694674			4245889			0046212			382024			306
8018			2023			9			63			701604			4235880			0041462			381454			626
8018A			2023			9			95			701719			4238104			0041392			381606			506
8018B			2023			9			85			700275			4237482			0042392			381547			515
8018C			2023			9			54			708762			4237542			0036502			381542			714
8018X			2023			9			110			702856			4240261			0040502			381715			432
8019			2023			9			43			712468			4239983			0034152			381658			639
8019A			2023			9			0			712741			4230520			0034142			381151			922
8022			2023			9			325			711593			4259365			0034302			382727			632
8023E			2023			9			91			717395			4251159			0030402			382256			804
8025			2023			9			81			718904			4250120			0029392			382221			993
8028F			2023			9			687			708825			4265061			0036182			383034			1010
8029B			2023			9			561			714439			4266351			0032252			383111			689
8033E			2023			9			100			739010			4268280			0015292			383151			644
8059			2023			9			767			715503			4286186			0031192			384153			514
8059C			2023			9			534			720778			4287781			0027392			384240			392
8059D			2023			9			1028			714101			4282570			0032212			383957			625
8198Y			2023			9			710			668083			4301976			0103472			385102			460
8282			2023			9			643			706883			4293208			0037082			384548			545
8289			2023			9			512			683615			4297818			0053072			384836			398
